1 15630100.522532
2 87187.059014
3 58010955.811827
4 6816600.760338
5 52483406.354530
6 7387491.861916
7 52726964.088102
8 3266508.649900
9 49662820.035660
10 10958290.367958
11 36522183.221662
12 25310724.970774
13 19406633.886655
14 39106882.693114
15 11822655.223868
16 27383249.764353
17 31004573.942509
18 13880699.073504
19 23843741.987569
20 28879465.160803
21 18658337.459773
22 16581082.550453
23 22481274.650260
24 23139769.001281
25 20303227.811209
26 17622216.667501
27 17111582.699138
28 17422220.365874
29 17640720.399841
30 17377891.361503
31 16761466.079222
32 16188751.062493
33 15555512.191559
34 15105052.930954
35 14576538.261692
36 14288505.542140
37 13414203.216299
38 12787747.768113
39 12484147.855364
40 12019614.277395
41 11274832.040151
42 10636182.650793
43 10080226.357103
44 9409614.356598
45 8820220.055483
46 7966547.823740
47 7267436.917864
48 6506470.862042
49 5788394.535613
50 5069369.241342
51 4330512.408042
52 3697121.641785
53 3062919.905242
54 2433139.277274
55 1865032.484796
56 1336917.283258
57 945879.580571
58 644377.798135
59 384495.665991
60 201554.122684
61 85696.199295
62 34169.963505
63 11295.878037
64 2541.230819
65 0.000000
66 0.000000
67 0.000000
68 0.000000
69 0.000000
70 0.000000
71 0.000000
72 0.000000
73 0.000000
74 0.000000
75 0.000000
76 0.000000
77 0.000000
78 0.000000
79 0.000000
80 0.000000
81 0.000000
82 0.000000
83 0.000000
84 0.000000
85 0.000000
86 0.000000
87 0.000000
88 0.000000
89 0.000000
90 0.000000
91 0.000000
92 0.000000
93 0.000000
94 0.000000
95 0.000000
96 0.000000
97 0.000000
98 0.000000
99 0.000000
100 0.000000
