1 3.000000
2 1.000000
3 1.000000
4 2.000000
5 1.000000
6 3.000000
7 4.000000
8 3.000000
9 2.000000
10 4.000000
11 2.000000
12 5.000000
13 8.000000
14 13.000000
15 9.000000
16 8.000000
17 6.000000
18 7.000000
19 10.000000
20 11.000000
21 14.000000
22 21.000000
23 18.000000
24 18.000000
25 31.000000
26 24.000000
27 32.000000
28 27.000000
29 43.000000
30 48.000000
31 52.000000
32 57.000000
33 69.000000
34 83.000000
35 98.000000
36 104.000000
37 143.000000
38 142.000000
39 194.000000
40 196.000000
41 224.000000
42 244.000000
43 305.000000
44 321.000000
45 409.000000
46 384.000000
47 422.000000
48 504.000000
49 537.000000
50 526.000000
51 579.000000
52 598.000000
53 608.000000
54 594.000000
55 550.000000
56 464.000000
57 370.000000
58 322.000000
59 234.000000
60 146.000000
61 72.000000
62 38.000000
63 15.000000
64 3.000000
65 0.000000
66 0.000000
67 0.000000
68 0.000000
69 0.000000
70 0.000000
71 0.000000
72 0.000000
73 0.000000
74 0.000000
75 0.000000
76 0.000000
77 0.000000
78 0.000000
79 0.000000
80 0.000000
81 0.000000
82 0.000000
83 0.000000
84 0.000000
85 0.000000
86 0.000000
87 0.000000
88 0.000000
89 0.000000
90 0.000000
91 0.000000
92 0.000000
93 0.000000
94 0.000000
95 0.000000
96 0.000000
97 0.000000
98 0.000000
99 0.000000
100 0.000000
