1 330146.816741
2 2492.367115
3 307003.007853
4 48151.322767
5 286218.645253
6 49161.284144
7 362116.998210
8 33511.864333
9 346921.079561
10 90061.312750
11 291577.334809
12 211894.096778
13 181259.233141
14 407758.684904
15 123011.972678
16 296536.880763
17 355388.989455
18 193586.086215
19 313253.629016
20 443599.529974
21 278388.438338
22 273909.787959
23 428893.673119
24 417316.139164
25 403088.417945
26 366777.185249
27 387459.220455
28 429744.903151
29 492694.686608
30 521077.571924
31 545214.887825
32 589929.365957
33 655679.671380
34 657837.839197
35 665655.436852
36 794098.043862
37 784843.492302
38 827785.874556
39 918072.318644
40 1000097.375340
41 1023330.363465
42 1066758.457907
43 1113647.876928
44 1147052.036937
45 1200306.758935
46 1193561.552313
47 1179135.553706
48 1209725.418222
49 1176179.213852
50 1092801.786411
51 1058399.239598
52 961622.979286
53 851530.663896
54 712173.876528
55 580354.669927
56 423892.609151
57 308526.821797
58 216437.732897
59 135287.339183
60 70393.149744
61 31146.541343
62 12107.508221
63 4460.518693
64 1181.207174
65 0.000000
66 0.000000
67 0.000000
68 0.000000
69 0.000000
70 0.000000
71 0.000000
72 0.000000
73 0.000000
74 0.000000
75 0.000000
76 0.000000
77 0.000000
78 0.000000
79 0.000000
80 0.000000
81 0.000000
82 0.000000
83 0.000000
84 0.000000
85 0.000000
86 0.000000
87 0.000000
88 0.000000
89 0.000000
90 0.000000
91 0.000000
92 0.000000
93 0.000000
94 0.000000
95 0.000000
96 0.000000
97 0.000000
98 0.000000
99 0.000000
100 0.000000
