   1  001 001.0078 001.0080 00.071486  04.271  1.00000   1.00 0000
   2  004 004.0026 004.0026 00.125880  01.894  1.00000   1.00 0000
   3  007 007.0160 006.9390 00.529690  04.597  0.59782   .985 1.67
   4  009 009.0120 009.0122 01.802400  12.046  1.07810   1.06 3.38
   5  011 011.0090 010.8110 02.350200  13.093  1.04860   1.00 5.73
   6  012 012.0000 012.0110 02.266200  11.364  1.00000   1.03 7.41
   7  014 014.0030 014.0070 00.809630  03.481  1.00000   1.04 0000
   8  016 015.9950 015.9990 01.142900  04.302  1.00000   0.99 0000
   9  019 018.9980 018.9980 01.111100  03.522  1.00000   0.95 0000
  10  020 019.9920 020.1830 01.201500  03.585  1.00000   0.90 0000
  11  023 022.9900 022.9890 00.970000  02.541  1.00000   0.82 1.12
  12  024 023.9850 024.3120 01.736600  04.302  0.71074   0.81 1.54
  13  027 026.9820 026.9810 02.698100  06.023  0.90519   0.83 3.36
  14  028 027.9770 028.0860 02.321200  04.977  0.97411   0.84 4.70
  15  031 030.9940 030.9730 01.821900  03.542  0.97184   0.93 3.27
  16  032 031.9700 032.0640 02.068600  03.885  1.00000   0.95 2.88
  17  035 034.9690 035.4530 01.895600  03.220  1.00000   0.97 0000
  18  040 039.9800 039.9480 01.650400  02.488  1.00000   0.99 0000
  19  039 038.9600 039.1020 00.863180  01.329  0.36552   0.98 0.93
  20  040 039.9600 040.0800 01.540000  02.014  0.62712   0.97 1.83
  21  045 044.9560 044.9560 02.997100  04.015  0.81707   0.98 3.49
  22  048 047.9500 047.9000 04.518900  05.682  0.99430   0.97 4.89
  23  051 050.9400 050.9420 06.100800  07.213  1.14230   0.96 5.33
  24  052 051.9400 051.9960 07.191700  08.330  1.23810   0.93 4.12
  25  055 054.9400 054.9380 07.434100  08.150  1.12220   0.91 2.98
  26  056 055.9400 055.8470 07.865800  08.483  0.92705   0.90 4.34
  27  059 058.9300 058.9330 08.796000  08.989  1.00470   0.88 4.43
  28  058 057.9400 058.7100 08.895500  09.125  1.20000   0.90 4.46
  29  063 062.9300 063.5400 08.949300  08.483  1.06610   0.90 3.52
  30  064 063.9300 065.3700 07.105400  06.546  0.97411   0.90 1.35
  31  069 068.9300 069.7200 05.908500  05.104  0.84912   0.90 2.82
  32  074 073.9200 072.5900 05.337500  04.428  0.95000   0.85 3.88
  33  075 074.9200 074.9220 05.719200  04.597  1.09030   0.89 1.26
  34  080 079.9200 078.9600 04.785500  03.650  1.04290   0.90 2.14
  35  079 078.9200 079.9090 03.399500  02.562  0.49715   0.91 0000
  36  084 083.9200 083.8000 02.602100  01.870  0.37755   0.92 0000
  37  085 084.9100 085.4700 01.529000  01.077  0.35211   0.90 0.86
  38  088 087.9100 087.6200 02.600000  01.787  0.57801   0.90 1.70
  39  090 089.9100 088.9050 04.490200  03.041  0.77773   0.90 4.24
  40  090 089.9000 091.2200 06.469500  04.271  1.02070   0.90 6.33
  41  093 092.9100 092.9060 08.602400  05.576  1.02900   0.90 7.59
  42  096 095.5000 095.9400 10.206000  06.407  1.25420   0.88 6.83
  43  000 000.0000 099.0000 00.000000  00.000  1.12200   0.90 0000
  44  102 101.9000 101.0700 12.177000  07.256  1.12410   0.88 6.69
  45  103 102.9000 102.9100 12.399000  07.256  1.08820   0.88 5.78
  46  106 105.9000 106.4000 11.955000  06.767  1.27090   0.90 3.91
  47  107 106.9000 107.8700 10.473000  05.847  1.25420   0.90 2.97
  48  114 113.9000 112.4000 08.580200  04.597  0.90094   0.88 1.16
  49  115 114.9000 114.8200 07.313400  03.836  0.74093   0.90 2.49
  50  120 119.9000 118.6900 07.281600  03.695  0.86054   0.90 3.12
  51  121 120.9000 121.7500 06.616800  03.273  0.93155   0.90 2.72
  52  130 130.0000 127.6000 06.224400  02.938  1.00470   0.90 2.02
  53  127 126.9000 126.9000 04.937300  02.343  0.55379   0.96 0000
  54  130 129.5000 131.3000 03.058900  01.403  0.43289   1.20 0000
  55  134 134.0000 132.9100 01.898600  00.860  0.32636   0.90 0.81
  56  138 138.0000 137.3400 03.521500  01.544  0.51310   0.88 1.84
  57  139 139.0000 138.9100 06.173800  02.676  0.69500   0.88 4.42
  58  140 140.0000 140.1200 06.672400  02.868  0.72591   0.85 4.23
  59  141 141.0000 140.9100 06.774400  02.895  0.71202   0.90 3.71
  60  142 142.0000 144.2400 07.001900  02.923  0.67413   0.90 3.28
  61  000 000.0000 147.0000 00.000000  00.000  0.71418   0.92 0000
  62  152 152.0000 150.3500 07.555300  03.026  0.71453   0.95 2.16
  63  153 153.0000 151.9600 05.258100  02.084  0.59110   0.99 1.85
  64  158 157.9000 157.2500 07.902000  03.026  0.70263   1.03 3.57
  65  160 159.9000 158.9200 08.277300  03.136  0.68049   1.05 3.81
  66  164 164.0000 162.5000 08.552600  03.170  0.68203   1.07 2.89
  67  165 165.0000 164.9300 08.819800  03.220  0.68121   1.08 3.05
  68  166 166.0000 167.2600 09.090200  03.273  0.68532   1.10 3.05
  69  169 169.0000 168.9300 09.333100  03.327  0.68715   1.08 2.52
  70  174 174.0000 173.0400 06.977400  02.428  0.61884   1.08 1.74
  71  175 175.0000 174.9700 09.829800  03.383  0.71801   1.08 4.29
  72  180 180.0000 178.4900 13.124000  04.428  0.83048   1.08 6.31
  73  181 181.0000 180.9500 16.601000  05.525  1.12220   1.09 8.10
  74  184 184.0000 183.8500 19.292000  06.320  1.23810   1.09 8.68
  75  187 187.0000 186.2000 21.040000  06.805  1.04500   1.10 8.09
  76  192 192.0000 190.2000 22.562000  07.144  1.07330   1.11 8.13
  77  193 193.0000 192.2000 22.506000  07.052  1.09530   1.12 6.90
  78  195 195.0000 195.0900 21.438000  06.618  1.23810   1.13 5.86
  79  197 197.0000 196.9700 19.311000  05.904  1.28790   1.14 3.80
  80  202 202.0000 200.5900 13.553000  04.069  0.78654   1.15 0.64
  81  205 205.0000 204.3700 11.882000  03.501  0.66401   1.17 1.88
  82  208 208.0000 207.1900 11.322000  03.291  0.84912   1.20 2.03
  83  209 209.0000 208.9800 09.811300  02.827  0.88433   1.18 2.17
  84  210 210.0000 210.0000 09.251100  02.653  0.80746   1.17 1.50
  85  210 210.0000 210.0000 00.000000  00.000  0.43357   1.17 0000
  86  222 222.0000 222.0000 00.000000  00.000  0.41923   1.16 0000
  87  223 223.0000 223.0000 00.000000  00.000  0.43638   1.16 0000
  88  226 226.0000 226.0000 05.022200  01.338  0.51464   1.16 0000
  89  227 227.0000 227.0000 00.000000  00.000  0.73087   1.16 0000
  90  232 232.0000 232.0000 11.658000  03.026  0.81065   1.16 5.93
  91  231 231.0000 231.0000 15.400000  04.015  1.95780   1.16 0000
  92  238 238.0400 238.0400 19.043000  04.818  1.02570   1.16 5.42