1 7497.492300
2 54.672708
3 7014.825087
4 1114.608159
5 6482.347905
6 1141.346969
7 8436.339756
8 802.761173
9 7977.432925
10 2079.629327
11 6706.736876
12 4831.692331
13 4190.923969
14 9641.146870
15 2798.462727
16 6936.081878
17 8284.602035
18 4525.323108
19 7339.619534
20 10543.725598
21 6521.486745
22 6430.512948
23 10258.804901
24 9751.876529
25 9485.744430
26 8606.335466
27 9070.566373
28 10160.761115
29 11690.616668
30 12293.153376
31 13030.217255
32 14040.083101
33 15656.010494
34 15678.330148
35 15623.728403
36 19024.250737
37 18579.934779
38 19548.513325
39 21785.289886
40 23760.977159
41 24301.038832
42 25323.717767
43 26218.395110
44 26979.518313
45 28348.152112
46 28064.771679
47 27644.533979
48 28351.263166
49 27499.419257
50 25562.082202
51 24654.563208
52 22251.476557
53 19640.141772
54 16208.259772
55 13150.248499
56 9517.925845
57 6868.011030
58 4788.670625
59 2929.490441
60 1475.849512
61 649.238398
62 241.562033
63 85.508650
64 22.889150
65 0.000000
66 0.000000
67 0.000000
68 0.000000
69 0.000000
70 0.000000
71 0.000000
72 0.000000
73 0.000000
74 0.000000
75 0.000000
76 0.000000
77 0.000000
78 0.000000
79 0.000000
80 0.000000
81 0.000000
82 0.000000
83 0.000000
84 0.000000
85 0.000000
86 0.000000
87 0.000000
88 0.000000
89 0.000000
90 0.000000
91 0.000000
92 0.000000
93 0.000000
94 0.000000
95 0.000000
96 0.000000
97 0.000000
98 0.000000
99 0.000000
100 0.000000
